/ Xcalibur HeliTEM 21m — reference waveform, transmitter current only
/ Survey-specific identifiers (flight, fiducial, project) removed
/Base Frequency : 15.00 Hz
/Sample Interval: 8.1380208 µs

/------------------------------------------------------------------------------
/XYZ REF WAVEFORM EXPORT
/SAMPLE  T_Current[A]
     0 -0.000000
     1 -0.001000
     2 -0.000000
     3 -0.001000
     4 -0.001000
     5 -0.015000
     6 -0.067000
     7 -0.089000
     8 -0.214000
     9  0.639000
    10  3.883000
    11  8.317000
    12  12.733000
    13  17.183000
    14  21.665000
    15  26.161000
    16  30.644000
    17  35.106000
    18  39.550000
    19  43.974000
    20  48.380000
    21  52.767000
    22  57.134000
    23  61.479000
    24  65.802000
    25  70.099000
    26  74.370000
    27  78.614000
    28  82.829000
    29  87.014000
    30  91.169000
    31  95.291000
    32  99.379000
    33  103.434000
    34  107.451000
    35  111.432000
    36  115.375000
    37  119.277000
    38  123.140000
    39  126.960000
    40  130.737000
    41  134.470000
    42  138.158000
    43  141.799000
    44  145.393000
    45  148.939000
    46  152.435000
    47  155.880000
    48  159.274000
    49  162.615000
    50  165.903000
    51  169.136000
    52  172.313000
    53  175.434000
    54  178.498000
    55  181.503000
    56  184.449000
    57  187.335000
    58  190.160000
    59  192.923000
    60  195.627000
    61  198.286000
    62  200.874000
    63  203.430000
    64  205.745000
    65  206.915000
    66  207.082000
    67  207.125000
    68  207.188000
    69  207.206000
    70  207.224000
    71  207.222000
    72  207.237000
    73  207.243000
    74  207.260000
    75  207.271000
    76  207.288000
    77  207.300000
    78  207.316000
    79  207.329000
    80  207.344000
    81  207.357000
    82  207.373000
    83  207.387000
    84  207.403000
    85  207.418000
    86  207.434000
    87  207.449000
    88  207.465000
    89  207.480000
    90  207.496000
    91  207.512000
    92  207.527000
    93  207.543000
    94  207.559000
    95  207.575000
    96  207.591000
    97  207.607000
    98  207.623000
    99  207.639000
   100  207.656000
   101  207.672000
   102  207.688000
   103  207.704000
   104  207.720000
   105  207.736000
   106  207.752000
   107  207.768000
   108  207.784000
   109  207.801000
   110  207.817000
   111  207.833000
   112  207.849000
   113  207.865000
   114  207.881000
   115  207.897000
   116  207.913000
   117  207.929000
   118  207.945000
   119  207.961000
   120  207.977000
   121  207.994000
   122  208.009000
   123  208.026000
   124  208.042000
   125  208.058000
   126  208.074000
   127  208.090000
   128  208.106000
   129  208.121000
   130  208.137000
   131  208.154000
   132  208.169000
   133  208.185000
   134  208.201000
   135  208.217000
   136  208.233000
   137  208.249000
   138  208.265000
   139  208.281000
   140  208.297000
   141  208.312000
   142  208.328000
   143  208.344000
   144  208.360000
   145  208.375000
   146  208.391000
   147  208.407000
   148  208.423000
   149  208.439000
   150  208.454000
   151  208.470000
   152  208.486000
   153  208.501000
   154  208.517000
   155  208.533000
   156  208.548000
   157  208.564000
   158  208.579000
   159  208.595000
   160  208.610000
   161  208.626000
   162  208.642000
   163  208.657000
   164  208.673000
   165  208.689000
   166  208.704000
   167  208.719000
   168  208.735000
   169  208.750000
   170  208.766000
   171  208.781000
   172  208.796000
   173  208.812000
   174  208.827000
   175  208.843000
   176  208.858000
   177  208.874000
   178  208.889000
   179  208.904000
   180  208.920000
   181  208.935000
   182  208.950000
   183  208.966000
   184  208.981000
   185  208.996000
   186  209.011000
   187  209.027000
   188  209.042000
   189  209.057000
   190  209.072000
   191  209.088000
   192  209.103000
   193  209.118000
   194  209.133000
   195  209.148000
   196  209.164000
   197  209.178000
   198  209.194000
   199  209.209000
   200  209.224000
   201  209.239000
   202  209.254000
   203  209.269000
   204  209.284000
   205  209.299000
   206  209.314000
   207  209.329000
   208  209.344000
   209  209.359000
   210  209.374000
   211  209.389000
   212  209.404000
   213  209.419000
   214  209.434000
   215  209.448000
   216  209.464000
   217  209.478000
   218  209.493000
   219  209.508000
   220  209.523000
   221  209.537000
   222  209.553000
   223  209.567000
   224  209.582000
   225  209.597000
   226  209.612000
   227  209.626000
   228  209.641000
   229  209.656000
   230  209.671000
   231  209.685000
   232  209.700000
   233  209.714000
   234  209.729000
   235  209.744000
   236  209.758000
   237  209.773000
   238  209.788000
   239  209.802000
   240  209.817000
   241  209.831000
   242  209.846000
   243  209.860000
   244  209.875000
   245  209.889000
   246  209.904000
   247  209.918000
   248  209.933000
   249  209.947000
   250  209.962000
   251  209.976000
   252  209.991000
   253  210.005000
   254  210.020000
   255  210.034000
   256  210.048000
   257  210.063000
   258  210.077000
   259  210.091000
   260  210.105000
   261  210.120000
   262  210.134000
   263  210.149000
   264  210.163000
   265  210.177000
   266  210.191000
   267  210.206000
   268  210.220000
   269  210.234000
   270  210.248000
   271  210.262000
   272  210.277000
   273  210.291000
   274  210.305000
   275  210.319000
   276  210.333000
   277  210.347000
   278  210.361000
   279  210.375000
   280  210.390000
   281  210.404000
   282  210.417000
   283  210.432000
   284  210.446000
   285  210.460000
   286  210.474000
   287  210.488000
   288  210.502000
   289  210.516000
   290  210.529000
   291  210.544000
   292  210.557000
   293  210.571000
   294  210.585000
   295  210.599000
   296  210.613000
   297  210.627000
   298  210.640000
   299  210.654000
   300  210.668000
   301  210.682000
   302  210.696000
   303  210.710000
   304  210.723000
   305  210.737000
   306  210.751000
   307  210.765000
   308  210.778000
   309  210.792000
   310  210.806000
   311  210.819000
   312  210.833000
   313  210.847000
   314  210.860000
   315  210.874000
   316  210.888000
   317  210.901000
   318  210.915000
   319  210.928000
   320  210.942000
   321  210.956000
   322  210.969000
   323  210.983000
   324  210.996000
   325  211.010000
   326  211.023000
   327  211.037000
   328  211.050000
   329  211.064000
   330  211.077000
   331  211.090000
   332  211.104000
   333  211.117000
   334  211.131000
   335  211.144000
   336  211.158000
   337  211.171000
   338  211.184000
   339  211.198000
   340  211.211000
   341  211.224000
   342  211.238000
   343  211.251000
   344  211.264000
   345  211.277000
   346  211.291000
   347  211.304000
   348  211.317000
   349  211.330000
   350  211.344000
   351  211.357000
   352  211.370000
   353  211.383000
   354  211.396000
   355  211.410000
   356  211.422000
   357  211.436000
   358  211.449000
   359  211.462000
   360  211.475000
   361  211.488000
   362  211.501000
   363  211.514000
   364  211.527000
   365  211.540000
   366  211.553000
   367  211.566000
   368  211.579000
   369  211.592000
   370  211.605000
   371  211.618000
   372  211.631000
   373  211.644000
   374  211.657000
   375  211.670000
   376  211.683000
   377  211.696000
   378  211.709000
   379  211.722000
   380  211.734000
   381  211.747000
   382  211.760000
   383  211.773000
   384  211.786000
   385  211.799000
   386  211.811000
   387  211.824000
   388  211.837000
   389  211.850000
   390  211.862000
   391  211.875000
   392  211.888000
   393  211.901000
   394  211.913000
   395  211.926000
   396  211.938000
   397  211.951000
   398  211.964000
   399  211.977000
   400  211.989000
   401  212.002000
   402  212.014000
   403  212.027000
   404  212.040000
   405  212.052000
   406  212.065000
   407  212.077000
   408  212.090000
   409  212.102000
   410  212.115000
   411  212.127000
   412  212.140000
   413  212.152000
   414  212.165000
   415  212.177000
   416  212.190000
   417  212.202000
   418  212.214000
   419  212.227000
   420  212.239000
   421  212.252000
   422  212.264000
   423  212.276000
   424  212.289000
   425  212.301000
   426  212.313000
   427  212.326000
   428  212.338000
   429  212.350000
   430  212.363000
   431  212.375000
   432  212.387000
   433  212.399000
   434  212.412000
   435  212.424000
   436  212.436000
   437  212.448000
   438  212.460000
   439  212.472000
   440  212.485000
   441  212.497000
   442  212.509000
   443  212.521000
   444  212.533000
   445  212.545000
   446  212.558000
   447  212.570000
   448  212.582000
   449  212.594000
   450  212.606000
   451  212.618000
   452  212.630000
   453  212.642000
   454  212.654000
   455  212.666000
   456  212.678000
   457  212.690000
   458  212.702000
   459  212.714000
   460  212.726000
   461  212.738000
   462  212.750000
   463  212.761000
   464  212.774000
   465  212.785000
   466  212.797000
   467  212.809000
   468  212.821000
   469  212.833000
   470  212.845000
   471  212.856000
   472  212.868000
   473  212.880000
   474  212.892000
   475  212.904000
   476  212.915000
   477  212.927000
   478  212.939000
   479  212.951000
   480  212.962000
   481  212.974000
   482  212.986000
   483  212.997000
   484  213.009000
   485  213.021000
   486  213.033000
   487  213.044000
   488  213.056000
   489  213.067000
   490  213.079000
   491  213.090000
   492  213.102000
   493  213.114000
   494  213.125000
   495  213.137000
   496  213.148000
   497  213.160000
   498  213.171000
   499  213.183000
   500  213.194000
   501  213.206000
   502  213.217000
   503  213.229000
   504  213.240000
   505  213.252000
   506  213.263000
   507  213.275000
   508  213.286000
   509  213.298000
   510  213.309000
   511  213.320000
   512  213.332000
   513  213.343000
   514  213.354000
   515  213.366000
   516  213.377000
   517  213.388000
   518  213.400000
   519  213.411000
   520  213.422000
   521  213.434000
   522  213.445000
   523  213.456000
   524  213.467000
   525  213.479000
   526  213.490000
   527  213.501000
   528  213.512000
   529  213.524000
   530  213.535000
   531  213.546000
   532  213.557000
   533  213.568000
   534  213.579000
   535  213.590000
   536  213.602000
   537  213.613000
   538  213.624000
   539  213.635000
   540  213.646000
   541  213.657000
   542  213.668000
   543  213.679000
   544  213.690000
   545  213.701000
   546  213.712000
   547  213.723000
   548  213.734000
   549  213.745000
   550  213.756000
   551  213.767000
   552  213.778000
   553  213.789000
   554  213.800000
   555  213.811000
   556  213.822000
   557  213.833000
   558  213.844000
   559  213.855000
   560  213.865000
   561  213.876000
   562  213.887000
   563  213.898000
   564  213.909000
   565  213.920000
   566  213.930000
   567  213.941000
   568  213.952000
   569  213.963000
   570  213.974000
   571  213.984000
   572  213.995000
   573  214.006000
   574  214.017000
   575  214.027000
   576  214.038000
   577  214.048000
   578  214.059000
   579  214.070000
   580  214.081000
   581  214.091000
   582  214.102000
   583  214.112000
   584  214.123000
   585  214.134000
   586  214.144000
   587  214.155000
   588  214.166000
   589  214.176000
   590  214.187000
   591  214.197000
   592  214.208000
   593  214.218000
   594  214.229000
   595  214.239000
   596  214.250000
   597  214.260000
   598  214.271000
   599  214.281000
   600  214.292000
   601  214.302000
   602  214.313000
   603  214.323000
   604  214.334000
   605  214.344000
   606  214.354000
   607  214.365000
   608  214.375000
   609  214.385000
   610  214.396000
   611  214.406000
   612  214.416000
   613  214.427000
   614  214.437000
   615  214.448000
   616  214.458000
   617  214.468000
   618  214.479000
   619  214.489000
   620  214.499000
   621  214.509000
   622  214.519000
   623  214.530000
   624  214.540000
   625  214.550000
   626  214.560000
   627  214.571000
   628  214.581000
   629  214.591000
   630  214.601000
   631  214.611000
   632  214.621000
   633  214.631000
   634  214.642000
   635  214.651000
   636  214.662000
   637  214.672000
   638  214.682000
   639  214.692000
   640  214.702000
   641  214.712000
   642  214.722000
   643  214.732000
   644  214.742000
   645  214.752000
   646  214.762000
   647  214.772000
   648  214.782000
   649  214.792000
   650  214.802000
   651  214.812000
   652  214.822000
   653  214.832000
   654  214.842000
   655  214.852000
   656  214.862000
   657  214.872000
   658  214.882000
   659  214.892000
   660  214.901000
   661  214.911000
   662  214.921000
   663  214.931000
   664  214.941000
   665  214.951000
   666  214.961000
   667  214.970000
   668  214.980000
   669  214.990000
   670  214.999000
   671  215.009000
   672  215.019000
   673  215.029000
   674  215.039000
   675  215.048000
   676  215.058000
   677  215.068000
   678  215.078000
   679  215.087000
   680  215.097000
   681  215.106000
   682  215.116000
   683  215.126000
   684  215.135000
   685  215.145000
   686  215.155000
   687  215.164000
   688  215.174000
   689  215.183000
   690  215.193000
   691  215.203000
   692  215.212000
   693  215.222000
   694  215.231000
   695  215.241000
   696  215.250000
   697  215.260000
   698  215.269000
   699  215.279000
   700  215.288000
   701  215.298000
   702  215.307000
   703  215.317000
   704  215.326000
   705  215.336000
   706  215.346000
   707  215.355000
   708  215.364000
   709  215.373000
   710  215.383000
   711  215.392000
   712  215.401000
   713  215.411000
   714  215.420000
   715  215.430000
   716  215.439000
   717  215.448000
   718  215.458000
   719  215.467000
   720  215.476000
   721  215.486000
   722  215.495000
   723  215.504000
   724  215.513000
   725  215.523000
   726  215.532000
   727  215.541000
   728  215.550000
   729  215.559000
   730  215.569000
   731  215.578000
   732  215.587000
   733  215.596000
   734  215.606000
   735  215.615000
   736  215.624000
   737  215.633000
   738  215.642000
   739  215.651000
   740  215.661000
   741  215.669000
   742  215.679000
   743  215.688000
   744  215.697000
   745  215.706000
   746  215.715000
   747  215.724000
   748  215.733000
   749  215.742000
   750  215.751000
   751  215.760000
   752  215.769000
   753  215.778000
   754  215.787000
   755  215.796000
   756  215.805000
   757  215.814000
   758  215.823000
   759  215.832000
   760  215.841000
   761  215.850000
   762  215.859000
   763  215.868000
   764  215.877000
   765  215.885000
   766  215.894000
   767  215.903000
   768  215.912000
   769  215.921000
   770  215.930000
   771  215.939000
   772  215.947000
   773  215.956000
   774  215.965000
   775  215.974000
   776  215.983000
   777  215.992000
   778  216.000000
   779  216.009000
   780  216.018000
   781  216.026000
   782  216.035000
   783  216.044000
   784  216.053000
   785  216.061000
   786  216.070000
   787  216.079000
   788  216.087000
   789  216.096000
   790  216.105000
   791  216.114000
   792  216.122000
   793  216.131000
   794  216.139000
   795  216.148000
   796  216.157000
   797  216.165000
   798  216.174000
   799  216.183000
   800  216.191000
   801  216.200000
   802  216.208000
   803  216.217000
   804  216.226000
   805  216.234000
   806  216.243000
   807  216.251000
   808  216.260000
   809  216.268000
   810  216.277000
   811  216.285000
   812  216.294000
   813  216.302000
   814  216.310000
   815  216.319000
   816  216.327000
   817  216.336000
   818  216.344000
   819  216.353000
   820  216.361000
   821  216.369000
   822  216.378000
   823  216.386000
   824  216.395000
   825  216.403000
   826  216.411000
   827  216.420000
   828  216.428000
   829  216.436000
   830  216.445000
   831  216.453000
   832  216.461000
   833  216.470000
   834  216.478000
   835  216.486000
   836  216.495000
   837  216.503000
   838  216.511000
   839  216.519000
   840  216.528000
   841  216.536000
   842  216.544000
   843  216.552000
   844  216.560000
   845  216.569000
   846  216.577000
   847  216.585000
   848  216.593000
   849  216.601000
   850  216.609000
   851  216.618000
   852  216.626000
   853  216.634000
   854  216.642000
   855  216.650000
   856  216.658000
   857  216.667000
   858  216.674000
   859  216.683000
   860  216.691000
   861  216.699000
   862  216.707000
   863  216.715000
   864  216.723000
   865  216.731000
   866  216.739000
   867  216.747000
   868  216.755000
   869  216.763000
   870  216.771000
   871  216.779000
   872  216.787000
   873  216.795000
   874  216.803000
   875  216.811000
   876  216.819000
   877  216.826000
   878  216.835000
   879  216.842000
   880  216.851000
   881  216.858000
   882  216.866000
   883  216.874000
   884  216.882000
   885  216.890000
   886  216.898000
   887  216.905000
   888  216.914000
   889  216.921000
   890  216.929000
   891  216.937000
   892  216.945000
   893  216.952000
   894  216.960000
   895  216.968000
   896  216.976000
   897  216.984000
   898  216.991000
   899  216.999000
   900  217.007000
   901  217.015000
   902  217.023000
   903  217.030000
   904  217.038000
   905  217.045000
   906  217.053000
   907  217.061000
   908  217.069000
   909  217.076000
   910  217.084000
   911  217.092000
   912  217.099000
   913  217.107000
   914  217.115000
   915  217.122000
   916  217.130000
   917  217.137000
   918  217.145000
   919  217.153000
   920  217.160000
   921  217.168000
   922  217.175000
   923  217.183000
   924  217.190000
   925  217.198000
   926  217.206000
   927  217.213000
   928  217.221000
   929  217.228000
   930  217.235000
   931  217.243000
   932  217.251000
   933  217.258000
   934  217.266000
   935  217.273000
   936  217.281000
   937  217.288000
   938  217.295000
   939  217.303000
   940  217.310000
   941  217.318000
   942  217.325000
   943  217.333000
   944  217.340000
   945  217.347000
   946  217.355000
   947  217.362000
   948  217.369000
   949  217.377000
   950  217.384000
   951  217.391000
   952  217.399000
   953  217.406000
   954  217.413000
   955  217.421000
   956  217.428000
   957  217.435000
   958  217.443000
   959  217.450000
   960  217.457000
   961  217.465000
   962  217.472000
   963  217.479000
   964  217.486000
   965  217.494000
   966  217.501000
   967  217.508000
   968  217.515000
   969  217.522000
   970  217.530000
   971  217.537000
   972  217.544000
   973  217.551000
   974  217.558000
   975  217.566000
   976  217.573000
   977  217.580000
   978  217.587000
   979  217.594000
   980  217.601000
   981  217.608000
   982  217.616000
   983  217.622000
   984  217.630000
   985  217.637000
   986  217.644000
   987  217.651000
   988  217.658000
   989  217.665000
   990  217.672000
   991  217.679000
   992  217.687000
   993  217.693000
   994  217.700000
   995  217.707000
   996  217.714000
   997  217.721000
   998  217.728000
   999  217.735000
  1000  217.742000
  1001  217.749000
  1002  217.756000
  1003  217.763000
  1004  217.770000
  1005  217.777000
  1006  217.784000
  1007  217.791000
  1008  217.798000
  1009  217.804000
  1010  217.812000
  1011  217.818000
  1012  217.826000
  1013  217.832000
  1014  217.839000
  1015  217.846000
  1016  217.853000
  1017  217.860000
  1018  217.867000
  1019  217.873000
  1020  217.880000
  1021  217.887000
  1022  217.894000
  1023  217.901000
  1024  217.908000
  1025  217.914000
  1026  217.921000
  1027  217.928000
  1028  217.935000
  1029  217.941000
  1030  217.948000
  1031  217.955000
  1032  217.962000
  1033  217.969000
  1034  217.975000
  1035  217.982000
  1036  217.989000
  1037  217.995000
  1038  218.002000
  1039  218.009000
  1040  218.015000
  1041  218.022000
  1042  218.029000
  1043  218.035000
  1044  218.042000
  1045  218.049000
  1046  218.055000
  1047  218.062000
  1048  218.069000
  1049  218.075000
  1050  218.082000
  1051  218.089000
  1052  218.095000
  1053  218.102000
  1054  218.108000
  1055  218.115000
  1056  218.121000
  1057  218.128000
  1058  218.134000
  1059  218.141000
  1060  218.148000
  1061  218.154000
  1062  218.161000
  1063  218.167000
  1064  218.174000
  1065  218.180000
  1066  218.187000
  1067  218.193000
  1068  218.200000
  1069  218.206000
  1070  218.213000
  1071  218.219000
  1072  218.226000
  1073  218.232000
  1074  218.239000
  1075  218.245000
  1076  218.251000
  1077  218.258000
  1078  218.264000
  1079  218.271000
  1080  218.277000
  1081  218.283000
  1082  218.290000
  1083  218.296000
  1084  218.303000
  1085  218.309000
  1086  218.316000
  1087  218.322000
  1088  218.328000
  1089  218.334000
  1090  218.341000
  1091  218.347000
  1092  218.353000
  1093  218.360000
  1094  218.366000
  1095  218.372000
  1096  218.379000
  1097  218.385000
  1098  218.391000
  1099  218.398000
  1100  218.404000
  1101  218.410000
  1102  218.416000
  1103  218.423000
  1104  218.429000
  1105  218.435000
  1106  218.441000
  1107  218.447000
  1108  218.454000
  1109  218.460000
  1110  218.466000
  1111  218.472000
  1112  218.478000
  1113  218.485000
  1114  218.491000
  1115  218.497000
  1116  218.503000
  1117  218.509000
  1118  218.515000
  1119  218.521000
  1120  218.528000
  1121  218.534000
  1122  218.540000
  1123  218.546000
  1124  218.552000
  1125  218.558000
  1126  218.564000
  1127  218.571000
  1128  218.577000
  1129  218.583000
  1130  218.589000
  1131  218.595000
  1132  218.601000
  1133  218.607000
  1134  218.613000
  1135  218.619000
  1136  218.625000
  1137  218.631000
  1138  218.637000
  1139  218.643000
  1140  218.649000
  1141  218.655000
  1142  218.661000
  1143  218.667000
  1144  218.673000
  1145  218.679000
  1146  218.685000
  1147  218.691000
  1148  218.696000
  1149  218.703000
  1150  218.709000
  1151  218.715000
  1152  218.720000
  1153  218.727000
  1154  218.732000
  1155  218.739000
  1156  218.744000
  1157  218.750000
  1158  218.756000
  1159  218.762000
  1160  218.768000
  1161  218.774000
  1162  218.779000
  1163  218.785000
  1164  218.791000
  1165  218.797000
  1166  218.803000
  1167  218.809000
  1168  218.815000
  1169  218.820000
  1170  218.826000
  1171  218.832000
  1172  218.838000
  1173  218.844000
  1174  218.849000
  1175  218.855000
  1176  218.861000
  1177  218.867000
  1178  218.872000
  1179  218.878000
  1180  218.884000
  1181  218.889000
  1182  218.895000
  1183  218.901000
  1184  218.907000
  1185  218.912000
  1186  218.918000
  1187  218.924000
  1188  218.929000
  1189  218.935000
  1190  218.941000
  1191  218.947000
  1192  218.952000
  1193  218.958000
  1194  218.963000
  1195  218.969000
  1196  218.975000
  1197  218.981000
  1198  218.986000
  1199  218.992000
  1200  218.997000
  1201  219.003000
  1202  219.009000
  1203  219.014000
  1204  219.020000
  1205  219.025000
  1206  219.031000
  1207  219.036000
  1208  219.042000
  1209  219.048000
  1210  219.053000
  1211  219.059000
  1212  219.064000
  1213  219.070000
  1214  219.075000
  1215  219.081000
  1216  219.087000
  1217  219.092000
  1218  219.098000
  1219  219.103000
  1220  219.109000
  1221  219.114000
  1222  219.119000
  1223  219.125000
  1224  219.130000
  1225  219.136000
  1226  219.141000
  1227  219.147000
  1228  219.152000
  1229  219.158000
  1230  219.163000
  1231  219.168000
  1232  219.174000
  1233  219.179000
  1234  219.185000
  1235  219.190000
  1236  219.195000
  1237  219.201000
  1238  219.206000
  1239  219.212000
  1240  219.217000
  1241  219.223000
  1242  219.228000
  1243  219.233000
  1244  219.238000
  1245  219.244000
  1246  219.249000
  1247  219.255000
  1248  219.260000
  1249  219.265000
  1250  219.270000
  1251  219.276000
  1252  219.281000
  1253  219.287000
  1254  219.291000
  1255  219.297000
  1256  219.302000
  1257  219.307000
  1258  219.313000
  1259  219.318000
  1260  219.323000
  1261  219.329000
  1262  219.334000
  1263  219.339000
  1264  219.344000
  1265  219.350000
  1266  219.355000
  1267  219.360000
  1268  219.365000
  1269  219.370000
  1270  219.376000
  1271  219.381000
  1272  219.386000
  1273  219.391000
  1274  219.396000
  1275  219.401000
  1276  219.406000
  1277  219.412000
  1278  219.417000
  1279  219.422000
  1280  219.427000
  1281  219.432000
  1282  219.437000
  1283  219.442000
  1284  219.447000
  1285  219.453000
  1286  219.458000
  1287  219.463000
  1288  219.468000
  1289  219.473000
  1290  219.478000
  1291  219.483000
  1292  219.488000
  1293  219.494000
  1294  219.498000
  1295  219.504000
  1296  219.509000
  1297  219.513000
  1298  219.518000
  1299  219.524000
  1300  219.529000
  1301  219.534000
  1302  219.539000
  1303  219.544000
  1304  219.548000
  1305  219.554000
  1306  219.558000
  1307  219.564000
  1308  219.569000
  1309  219.574000
  1310  219.579000
  1311  219.584000
  1312  219.588000
  1313  219.593000
  1314  219.598000
  1315  219.603000
  1316  219.608000
  1317  219.613000
  1318  219.618000
  1319  219.623000
  1320  219.628000
  1321  219.633000
  1322  219.638000
  1323  219.643000
  1324  219.647000
  1325  219.652000
  1326  219.657000
  1327  219.662000
  1328  219.667000
  1329  219.672000
  1330  219.676000
  1331  219.681000
  1332  219.686000
  1333  219.691000
  1334  219.696000
  1335  219.701000
  1336  219.706000
  1337  219.710000
  1338  219.715000
  1339  219.720000
  1340  219.725000
  1341  219.730000
  1342  219.734000
  1343  219.739000
  1344  219.744000
  1345  219.749000
  1346  219.753000
  1347  219.758000
  1348  219.763000
  1349  219.767000
  1350  219.773000
  1351  219.777000
  1352  219.782000
  1353  219.786000
  1354  219.791000
  1355  219.796000
  1356  219.801000
  1357  219.805000
  1358  219.810000
  1359  219.815000
  1360  219.819000
  1361  219.824000
  1362  219.829000
  1363  219.834000
  1364  219.838000
  1365  219.843000
  1366  219.848000
  1367  219.852000
  1368  219.857000
  1369  219.870000
  1370  219.904000
  1371  219.926000
  1372  220.000000
  1373  219.540000
  1374  217.681000
  1375  214.938000
  1376  212.153000
  1377  209.270000
  1378  206.310000
  1379  203.266000
  1380  200.164000
  1381  197.004000
  1382  193.789000
  1383  190.518000
  1384  187.191000
  1385  183.809000
  1386  180.372000
  1387  176.882000
  1388  173.340000
  1389  169.747000
  1390  166.105000
  1391  162.414000
  1392  158.676000
  1393  154.893000
  1394  151.064000
  1395  147.192000
  1396  143.278000
  1397  139.322000
  1398  135.327000
  1399  131.293000
  1400  127.223000
  1401  123.116000
  1402  118.974000
  1403  114.799000
  1404  110.592000
  1405  106.355000
  1406  102.088000
  1407  97.793000
  1408  93.472000
  1409  89.126000
  1410  84.756000
  1411  80.363000
  1412  75.949000
  1413  71.516000
  1414  67.064000
  1415  62.596000
  1416  58.112000
  1417  53.614000
  1418  49.104000
  1419  44.582000
  1420  40.051000
  1421  35.512000
  1422  30.966000
  1423  26.415000
  1424  21.857000
  1425  17.268000
  1426  12.669000
  1427  8.047000
  1428  3.573000
  1429  0.766000
  1430  0.104000
  1431  0.039000
  1432  0.030000
  1433  0.018000
  1434  0.013000
  1435  0.007000
  1436  0.003000
  1437  0.003000
  1438  0.003000
  1439  0.003000
  1440  0.002000
  1441  0.001000
  1442  0.000000
  1443 -0.000000
  1444 -0.001000
  1445 -0.001000
  1446 -0.001000
  1447 -0.002000
  1448 -0.002000
  1449 -0.002000
  1450 -0.002000
  1451 -0.002000
  1452 -0.003000
  1453 -0.003000
  1454 -0.003000
  1455 -0.003000
  1456 -0.003000
  1457 -0.003000
  1458 -0.003000
  1459 -0.004000
  1460 -0.004000
  1461 -0.004000
  1462 -0.004000
  1463 -0.004000
  1464 -0.004000
  1465 -0.004000
  1466 -0.004000
  1467 -0.004000
  1468 -0.004000
  1469 -0.004000
  1470 -0.004000
  1471 -0.004000
  1472 -0.005000
  1473 -0.005000
  1474 -0.005000
  1475 -0.005000
  1476 -0.005000
  1477 -0.005000
  1478 -0.005000
  1479 -0.005000
  1480 -0.005000
  1481 -0.005000
  1482 -0.005000
  1483 -0.005000
  1484 -0.005000
  1485 -0.005000
  1486 -0.005000
  1487 -0.005000
  1488 -0.005000
  1489 -0.005000
  1490 -0.005000
  1491 -0.005000
  1492 -0.005000
  1493 -0.005000
  1494 -0.005000
  1495 -0.005000
  1496 -0.005000
  1497 -0.005000
  1498 -0.005000
  1499 -0.005000
  1500 -0.005000
  1501 -0.005000
  1502 -0.005000
  1503 -0.005000
  1504 -0.005000
  1505 -0.005000
  1506 -0.005000
  1507 -0.005000
  1508 -0.005000
  1509 -0.005000
  1510 -0.005000
  1511 -0.005000
  1512 -0.005000
  1513 -0.005000
  1514 -0.005000
  1515 -0.005000
  1516 -0.005000
  1517 -0.005000
  1518 -0.005000
  1519 -0.005000
  1520 -0.005000
  1521 -0.005000
  1522 -0.005000
  1523 -0.005000
  1524 -0.005000
  1525 -0.005000
  1526 -0.005000
  1527 -0.005000
  1528 -0.005000
  1529 -0.005000
  1530 -0.005000
  1531 -0.005000
  1532 -0.005000
  1533 -0.005000
  1534 -0.005000
  1535 -0.005000
  1536 -0.005000
  1537 -0.005000
  1538 -0.005000
  1539 -0.005000
  1540 -0.005000
  1541 -0.005000
  1542 -0.005000
  1543 -0.005000
  1544 -0.005000
  1545 -0.005000
  1546 -0.005000
  1547 -0.005000
  1548 -0.005000
  1549 -0.005000
  1550 -0.005000
  1551 -0.005000
  1552 -0.005000
  1553 -0.005000
  1554 -0.005000
  1555 -0.005000
  1556 -0.005000
  1557 -0.005000
  1558 -0.005000
  1559 -0.005000
  1560 -0.005000
  1561 -0.005000
  1562 -0.005000
  1563 -0.005000
  1564 -0.005000
  1565 -0.005000
  1566 -0.005000
  1567 -0.005000
  1568 -0.005000
  1569 -0.005000
  1570 -0.005000
  1571 -0.005000
  1572 -0.005000
  1573 -0.005000
  1574 -0.005000
  1575 -0.005000
  1576 -0.005000
  1577 -0.005000
  1578 -0.005000
  1579 -0.005000
  1580 -0.005000
  1581 -0.005000
  1582 -0.005000
  1583 -0.005000
  1584 -0.005000
  1585 -0.005000
  1586 -0.005000
  1587 -0.005000
  1588 -0.005000
  1589 -0.005000
  1590 -0.005000
  1591 -0.005000
  1592 -0.004000
  1593 -0.004000
  1594 -0.004000
  1595 -0.004000
  1596 -0.004000
  1597 -0.004000
  1598 -0.004000
  1599 -0.004000
  1600 -0.004000
  1601 -0.004000
  1602 -0.004000
  1603 -0.004000
  1604 -0.004000
  1605 -0.004000
  1606 -0.004000
  1607 -0.004000
  1608 -0.004000
  1609 -0.004000
  1610 -0.004000
  1611 -0.004000
  1612 -0.004000
  1613 -0.004000
  1614 -0.004000
  1615 -0.004000
  1616 -0.004000
  1617 -0.004000
  1618 -0.004000
  1619 -0.004000
  1620 -0.004000
  1621 -0.004000
  1622 -0.004000
  1623 -0.004000
  1624 -0.004000
  1625 -0.004000
  1626 -0.004000
  1627 -0.004000
  1628 -0.004000
  1629 -0.004000
  1630 -0.004000
  1631 -0.004000
  1632 -0.004000
  1633 -0.004000
  1634 -0.004000
  1635 -0.004000
  1636 -0.004000
  1637 -0.004000
  1638 -0.004000
  1639 -0.004000
  1640 -0.003000
  1641 -0.003000
  1642 -0.003000
  1643 -0.003000
  1644 -0.003000
  1645 -0.003000
  1646 -0.003000
  1647 -0.003000
  1648 -0.003000
  1649 -0.003000
  1650 -0.003000
  1651 -0.003000
  1652 -0.003000
  1653 -0.003000
  1654 -0.003000
  1655 -0.003000
  1656 -0.003000
  1657 -0.003000
  1658 -0.003000
  1659 -0.003000
  1660 -0.003000
  1661 -0.003000
  1662 -0.003000
  1663 -0.003000
  1664 -0.003000
  1665 -0.003000
  1666 -0.003000
  1667 -0.003000
  1668 -0.003000
  1669 -0.003000
  1670 -0.003000
  1671 -0.003000
  1672 -0.003000
  1673 -0.003000
  1674 -0.003000
  1675 -0.003000
  1676 -0.003000
  1677 -0.003000
  1678 -0.003000
  1679 -0.003000
  1680 -0.003000
  1681 -0.003000
  1682 -0.003000
  1683 -0.003000
  1684 -0.003000
  1685 -0.002000
  1686 -0.002000
  1687 -0.002000
  1688 -0.002000
  1689 -0.002000
  1690 -0.002000
  1691 -0.002000
  1692 -0.002000
  1693 -0.002000
  1694 -0.002000
  1695 -0.002000
  1696 -0.002000
  1697 -0.002000
  1698 -0.002000
  1699 -0.002000
  1700 -0.002000
  1701 -0.002000
  1702 -0.002000
  1703 -0.002000
  1704 -0.002000
  1705 -0.002000
  1706 -0.002000
  1707 -0.002000
  1708 -0.002000
  1709 -0.002000
  1710 -0.002000
  1711 -0.002000
  1712 -0.002000
  1713 -0.002000
  1714 -0.002000
  1715 -0.002000
  1716 -0.002000
  1717 -0.002000
  1718 -0.002000
  1719 -0.002000
  1720 -0.002000
  1721 -0.002000
  1722 -0.002000
  1723 -0.002000
  1724 -0.002000
  1725 -0.002000
  1726 -0.002000
  1727 -0.002000
  1728 -0.002000
  1729 -0.002000
  1730 -0.002000
  1731 -0.002000
  1732 -0.001000
  1733 -0.001000
  1734 -0.001000
  1735 -0.001000
  1736 -0.001000
  1737 -0.001000
  1738 -0.001000
  1739 -0.001000
  1740 -0.001000
  1741 -0.001000
  1742 -0.001000
  1743 -0.001000
  1744 -0.001000
  1745 -0.001000
  1746 -0.001000
  1747 -0.001000
  1748 -0.001000
  1749 -0.001000
  1750 -0.001000
  1751 -0.001000
  1752 -0.001000
  1753 -0.001000
  1754 -0.001000
  1755 -0.001000
  1756 -0.001000
  1757 -0.001000
  1758 -0.001000
  1759 -0.001000
  1760 -0.001000
  1761 -0.001000
  1762 -0.001000
  1763 -0.001000
  1764 -0.001000
  1765 -0.001000
  1766 -0.001000
  1767 -0.001000
  1768 -0.001000
  1769 -0.001000
  1770 -0.001000
  1771 -0.001000
  1772 -0.001000
  1773 -0.001000
  1774 -0.001000
  1775 -0.001000
  1776 -0.001000
  1777 -0.001000
  1778 -0.001000
  1779 -0.001000
  1780 -0.001000
  1781 -0.001000
  1782 -0.001000
  1783 -0.001000
  1784 -0.001000
  1785 -0.001000
  1786 -0.000000
  1787 -0.000000
  1788 -0.000000
  1789 -0.000000
  1790 -0.000000
  1791 -0.000000
  1792 -0.000000
  1793 -0.000000
  1794 -0.000000
  1795 -0.000000
  1796 -0.000000
  1797 -0.000000
  1798 -0.000000
  1799 -0.000000
  1800 -0.000000
  1801 -0.000000
  1802 -0.000000
  1803 -0.000000
  1804 -0.000000
  1805 -0.000000
  1806 -0.000000
  1807 -0.000000
  1808 -0.000000
  1809 -0.000000
  1810 -0.000000
  1811 -0.000000
  1812 -0.000000
  1813 -0.000000
  1814 -0.000000
  1815 -0.000000
  1816 -0.000000
  1817 -0.000000
  1818 -0.000000
  1819 -0.000000
  1820  0.000000
  1821  0.000000
  1822  0.000000
  1823  0.000000
  1824  0.000000
  1825  0.000000
  1826  0.000000
  1827  0.000000
  1828  0.000000
  1829  0.000000
  1830  0.000000
  1831  0.000000
  1832  0.000000
  1833  0.000000
  1834  0.000000
  1835  0.000000
  1836  0.000000
  1837  0.000000
  1838  0.000000
  1839  0.000000
  1840  0.000000
  1841  0.000000
  1842  0.000000
  1843  0.000000
  1844  0.000000
  1845  0.000000
  1846  0.000000
  1847  0.000000
  1848  0.000000
  1849  0.000000
  1850  0.000000
  1851  0.000000
  1852  0.000000
  1853  0.000000
  1854  0.000000
  1855  0.000000
  1856  0.001000
  1857  0.001000
  1858  0.001000
  1859  0.001000
  1860  0.001000
  1861  0.001000
  1862  0.001000
  1863  0.001000
  1864  0.001000
  1865  0.001000
  1866  0.001000
  1867  0.001000
  1868  0.001000
  1869  0.001000
  1870  0.001000
  1871  0.001000
  1872  0.001000
  1873  0.001000
  1874  0.001000
  1875  0.001000
  1876  0.001000
  1877  0.001000
  1878  0.001000
  1879  0.001000
  1880  0.001000
  1881  0.001000
  1882  0.001000
  1883  0.001000
  1884  0.001000
  1885  0.001000
  1886  0.001000
  1887  0.001000
  1888  0.001000
  1889  0.001000
  1890  0.001000
  1891  0.001000
  1892  0.001000
  1893  0.001000
  1894  0.001000
  1895  0.001000
  1896  0.001000
  1897  0.001000
  1898  0.001000
  1899  0.001000
  1900  0.001000
  1901  0.001000
  1902  0.001000
  1903  0.001000
  1904  0.001000
  1905  0.001000
  1906  0.001000
  1907  0.001000
  1908  0.001000
  1909  0.001000
  1910  0.001000
  1911  0.001000
  1912  0.001000
  1913  0.001000
  1914  0.001000
  1915  0.001000
  1916  0.001000
  1917  0.001000
  1918  0.001000
  1919  0.001000
  1920  0.001000
  1921  0.001000
  1922  0.001000
  1923  0.001000
  1924  0.001000
  1925  0.001000
  1926  0.001000
  1927  0.001000
  1928  0.001000
  1929  0.001000
  1930  0.001000
  1931  0.001000
  1932  0.001000
  1933  0.001000
  1934  0.001000
  1935  0.001000
  1936  0.001000
  1937  0.001000
  1938  0.001000
  1939  0.001000
  1940  0.002000
  1941  0.002000
  1942  0.002000
  1943  0.002000
  1944  0.002000
  1945  0.002000
  1946  0.002000
  1947  0.002000
  1948  0.002000
  1949  0.002000
  1950  0.002000
  1951  0.002000
  1952  0.002000
  1953  0.002000
  1954  0.002000
  1955  0.002000
  1956  0.002000
  1957  0.002000
  1958  0.002000
  1959  0.002000
  1960  0.002000
  1961  0.002000
  1962  0.002000
  1963  0.002000
  1964  0.002000
  1965  0.002000
  1966  0.002000
  1967  0.002000
  1968  0.002000
  1969  0.002000
  1970  0.002000
  1971  0.002000
  1972  0.002000
  1973  0.002000
  1974  0.002000
  1975  0.002000
  1976  0.002000
  1977  0.002000
  1978  0.002000
  1979  0.002000
  1980  0.002000
  1981  0.002000
  1982  0.002000
  1983  0.002000
  1984  0.002000
  1985  0.002000
  1986  0.002000
  1987  0.002000
  1988  0.002000
  1989  0.002000
  1990  0.002000
  1991  0.002000
  1992  0.002000
  1993  0.002000
  1994  0.002000
  1995  0.002000
  1996  0.002000
  1997  0.002000
  1998  0.002000
  1999  0.002000
  2000  0.002000
  2001  0.002000
  2002  0.002000
  2003  0.002000
  2004  0.002000
  2005  0.002000
  2006  0.002000
  2007  0.002000
  2008  0.002000
  2009  0.002000
  2010  0.002000
  2011  0.002000
  2012  0.002000
  2013  0.002000
  2014  0.002000
  2015  0.002000
  2016  0.002000
  2017  0.002000
  2018  0.002000
  2019  0.002000
  2020  0.002000
  2021  0.002000
  2022  0.002000
  2023  0.002000
  2024  0.002000
  2025  0.002000
  2026  0.002000
  2027  0.002000
  2028  0.002000
  2029  0.002000
  2030  0.002000
  2031  0.002000
  2032  0.002000
  2033  0.002000
  2034  0.002000
  2035  0.002000
  2036  0.002000
  2037  0.002000
  2038  0.002000
  2039  0.002000
  2040  0.002000
  2041  0.002000
  2042  0.002000
  2043  0.002000
  2044  0.002000
  2045  0.002000
  2046  0.002000
  2047  0.002000
  2048  0.002000
  2049  0.002000
  2050  0.002000
  2051  0.002000
  2052  0.002000
  2053  0.002000
  2054  0.002000
  2055  0.002000
  2056  0.002000
  2057  0.002000
  2058  0.002000
  2059  0.002000
  2060  0.002000
  2061  0.002000
  2062  0.002000
  2063  0.002000
  2064  0.002000
  2065  0.002000
  2066  0.002000
  2067  0.002000
  2068  0.002000
  2069  0.002000
  2070  0.002000
  2071  0.002000
  2072  0.002000
  2073  0.002000
  2074  0.002000
  2075  0.002000
  2076  0.002000
  2077  0.002000
  2078  0.002000
  2079  0.002000
  2080  0.002000
  2081  0.002000
  2082  0.002000
  2083  0.002000
  2084  0.002000
  2085  0.002000
  2086  0.002000
  2087  0.002000
  2088  0.002000
  2089  0.002000
  2090  0.002000
  2091  0.002000
  2092  0.002000
  2093  0.002000
  2094  0.002000
  2095  0.002000
  2096  0.002000
  2097  0.003000
  2098  0.003000
  2099  0.003000
  2100  0.003000
  2101  0.003000
  2102  0.003000
  2103  0.003000
  2104  0.003000
  2105  0.003000
  2106  0.003000
  2107  0.003000
  2108  0.002000
  2109  0.002000
  2110  0.002000
  2111  0.002000
  2112  0.003000
  2113  0.003000
  2114  0.003000
  2115  0.003000
  2116  0.003000
  2117  0.003000
  2118  0.003000
  2119  0.002000
  2120  0.002000
  2121  0.003000
  2122  0.003000
  2123  0.003000
  2124  0.003000
  2125  0.003000
  2126  0.003000
  2127  0.003000
  2128  0.003000
  2129  0.003000
  2130  0.003000
  2131  0.003000
  2132  0.003000
  2133  0.003000
  2134  0.003000
  2135  0.003000
  2136  0.003000
  2137  0.003000
  2138  0.003000
  2139  0.003000
  2140  0.003000
  2141  0.003000
  2142  0.003000
  2143  0.003000
  2144  0.003000
  2145  0.003000
  2146  0.003000
  2147  0.003000
  2148  0.003000
  2149  0.003000
  2150  0.003000
  2151  0.003000
  2152  0.003000
  2153  0.003000
  2154  0.003000
  2155  0.003000
  2156  0.003000
  2157  0.003000
  2158  0.003000
  2159  0.003000
  2160  0.003000
  2161  0.003000
  2162  0.003000
  2163  0.003000
  2164  0.003000
  2165  0.003000
  2166  0.003000
  2167  0.003000
  2168  0.003000
  2169  0.003000
  2170  0.003000
  2171  0.003000
  2172  0.003000
  2173  0.003000
  2174  0.003000
  2175  0.003000
  2176  0.003000
  2177  0.003000
  2178  0.003000
  2179  0.003000
  2180  0.003000
  2181  0.003000
  2182  0.003000
  2183  0.003000
  2184  0.003000
  2185  0.003000
  2186  0.003000
  2187  0.003000
  2188  0.003000
  2189  0.003000
  2190  0.003000
  2191  0.003000
  2192  0.003000
  2193  0.003000
  2194  0.003000
  2195  0.003000
  2196  0.003000
  2197  0.003000
  2198  0.003000
  2199  0.003000
  2200  0.003000
  2201  0.003000
  2202  0.003000
  2203  0.003000
  2204  0.003000
  2205  0.003000
  2206  0.003000
  2207  0.003000
  2208  0.003000
  2209  0.003000
  2210  0.003000
  2211  0.003000
  2212  0.003000
  2213  0.003000
  2214  0.003000
  2215  0.003000
  2216  0.003000
  2217  0.003000
  2218  0.003000
  2219  0.003000
  2220  0.003000
  2221  0.003000
  2222  0.003000
  2223  0.003000
  2224  0.003000
  2225  0.003000
  2226  0.003000
  2227  0.003000
  2228  0.003000
  2229  0.003000
  2230  0.003000
  2231  0.003000
  2232  0.003000
  2233  0.003000
  2234  0.003000
  2235  0.003000
  2236  0.003000
  2237  0.003000
  2238  0.003000
  2239  0.003000
  2240  0.003000
  2241  0.003000
  2242  0.003000
  2243  0.003000
  2244  0.003000
  2245  0.003000
  2246  0.003000
  2247  0.003000
  2248  0.003000
  2249  0.003000
  2250  0.003000
  2251  0.003000
  2252  0.003000
  2253  0.003000
  2254  0.003000
  2255  0.003000
  2256  0.003000
  2257  0.003000
  2258  0.003000
  2259  0.003000
  2260  0.003000
  2261  0.003000
  2262  0.003000
  2263  0.003000
  2264  0.003000
  2265  0.003000
  2266  0.003000
  2267  0.003000
  2268  0.003000
  2269  0.003000
  2270  0.003000
  2271  0.003000
  2272  0.003000
  2273  0.003000
  2274  0.003000
  2275  0.003000
  2276  0.003000
  2277  0.003000
  2278  0.003000
  2279  0.003000
  2280  0.003000
  2281  0.003000
  2282  0.003000
  2283  0.003000
  2284  0.003000
  2285  0.003000
  2286  0.003000
  2287  0.003000
  2288  0.003000
  2289  0.003000
  2290  0.003000
  2291  0.003000
  2292  0.003000
  2293  0.003000
  2294  0.003000
  2295  0.003000
  2296  0.003000
  2297  0.003000
  2298  0.003000
  2299  0.003000
  2300  0.003000
  2301  0.003000
  2302  0.003000
  2303  0.003000
  2304  0.003000
  2305  0.003000
  2306  0.003000
  2307  0.003000
  2308  0.003000
  2309  0.003000
  2310  0.003000
  2311  0.003000
  2312  0.003000
  2313  0.003000
  2314  0.003000
  2315  0.003000
  2316  0.003000
  2317  0.003000
  2318  0.003000
  2319  0.003000
  2320  0.003000
  2321  0.003000
  2322  0.003000
  2323  0.003000
  2324  0.003000
  2325  0.003000
  2326  0.003000
  2327  0.003000
  2328  0.003000
  2329  0.003000
  2330  0.003000
  2331  0.003000
  2332  0.003000
  2333  0.003000
  2334  0.003000
  2335  0.003000
  2336  0.003000
  2337  0.003000
  2338  0.003000
  2339  0.003000
  2340  0.003000
  2341  0.003000
  2342  0.003000
  2343  0.003000
  2344  0.003000
  2345  0.003000
  2346  0.003000
  2347  0.003000
  2348  0.003000
  2349  0.003000
  2350  0.003000
  2351  0.003000
  2352  0.003000
  2353  0.003000
  2354  0.003000
  2355  0.003000
  2356  0.003000
  2357  0.003000
  2358  0.003000
  2359  0.003000
  2360  0.003000
  2361  0.003000
  2362  0.003000
  2363  0.003000
  2364  0.003000
  2365  0.003000
  2366  0.003000
  2367  0.003000
  2368  0.003000
  2369  0.003000
  2370  0.003000
  2371  0.003000
  2372  0.003000
  2373  0.003000
  2374  0.003000
  2375  0.003000
  2376  0.003000
  2377  0.003000
  2378  0.003000
  2379  0.003000
  2380  0.003000
  2381  0.003000
  2382  0.003000
  2383  0.003000
  2384  0.003000
  2385  0.003000
  2386  0.003000
  2387  0.003000
  2388  0.003000
  2389  0.003000
  2390  0.003000
  2391  0.003000
  2392  0.003000
  2393  0.003000
  2394  0.003000
  2395  0.003000
  2396  0.003000
  2397  0.003000
  2398  0.003000
  2399  0.003000
  2400  0.003000
  2401  0.003000
  2402  0.003000
  2403  0.003000
  2404  0.003000
  2405  0.003000
  2406  0.003000
  2407  0.003000
  2408  0.003000
  2409  0.003000
  2410  0.003000
  2411  0.003000
  2412  0.003000
  2413  0.003000
  2414  0.003000
  2415  0.003000
  2416  0.003000
  2417  0.003000
  2418  0.003000
  2419  0.003000
  2420  0.003000
  2421  0.003000
  2422  0.003000
  2423  0.003000
  2424  0.003000
  2425  0.003000
  2426  0.003000
  2427  0.003000
  2428  0.003000
  2429  0.003000
  2430  0.003000
  2431  0.003000
  2432  0.003000
  2433  0.003000
  2434  0.003000
  2435  0.003000
  2436  0.003000
  2437  0.003000
  2438  0.003000
  2439  0.003000
  2440  0.003000
  2441  0.003000
  2442  0.003000
  2443  0.003000
  2444  0.003000
  2445  0.003000
  2446  0.003000
  2447  0.003000
  2448  0.003000
  2449  0.003000
  2450  0.003000
  2451  0.003000
  2452  0.003000
  2453  0.003000
  2454  0.003000
  2455  0.003000
  2456  0.003000
  2457  0.003000
  2458  0.003000
  2459  0.003000
  2460  0.003000
  2461  0.003000
  2462  0.003000
  2463  0.003000
  2464  0.003000
  2465  0.003000
  2466  0.003000
  2467  0.003000
  2468  0.003000
  2469  0.003000
  2470  0.003000
  2471  0.003000
  2472  0.003000
  2473  0.003000
  2474  0.003000
  2475  0.003000
  2476  0.003000
  2477  0.003000
  2478  0.003000
  2479  0.003000
  2480  0.003000
  2481  0.003000
  2482  0.003000
  2483  0.003000
  2484  0.003000
  2485  0.003000
  2486  0.003000
  2487  0.003000
  2488  0.003000
  2489  0.003000
  2490  0.003000
  2491  0.003000
  2492  0.003000
  2493  0.003000
  2494  0.003000
  2495  0.003000
  2496  0.003000
  2497  0.003000
  2498  0.003000
  2499  0.003000
  2500  0.003000
  2501  0.003000
  2502  0.003000
  2503  0.003000
  2504  0.003000
  2505  0.003000
  2506  0.003000
  2507  0.003000
  2508  0.003000
  2509  0.003000
  2510  0.003000
  2511  0.003000
  2512  0.003000
  2513  0.003000
  2514  0.003000
  2515  0.003000
  2516  0.003000
  2517  0.003000
  2518  0.003000
  2519  0.003000
  2520  0.003000
  2521  0.003000
  2522  0.003000
  2523  0.003000
  2524  0.003000
  2525  0.003000
  2526  0.003000
  2527  0.003000
  2528  0.003000
  2529  0.003000
  2530  0.003000
  2531  0.003000
  2532  0.003000
  2533  0.003000
  2534  0.003000
  2535  0.003000
  2536  0.003000
  2537  0.003000
  2538  0.003000
  2539  0.003000
  2540  0.003000
  2541  0.003000
  2542  0.003000
  2543  0.003000
  2544  0.003000
  2545  0.003000
  2546  0.003000
  2547  0.003000
  2548  0.003000
  2549  0.003000
  2550  0.003000
  2551  0.003000
  2552  0.003000
  2553  0.003000
  2554  0.003000
  2555  0.003000
  2556  0.003000
  2557  0.003000
  2558  0.003000
  2559  0.003000
  2560  0.003000
  2561  0.003000
  2562  0.003000
  2563  0.003000
  2564  0.003000
  2565  0.003000
  2566  0.003000
  2567  0.003000
  2568  0.003000
  2569  0.003000
  2570  0.003000
  2571  0.003000
  2572  0.003000
  2573  0.003000
  2574  0.003000
  2575  0.003000
  2576  0.003000
  2577  0.003000
  2578  0.003000
  2579  0.003000
  2580  0.003000
  2581  0.003000
  2582  0.003000
  2583  0.003000
  2584  0.003000
  2585  0.003000
  2586  0.003000
  2587  0.003000
  2588  0.003000
  2589  0.003000
  2590  0.003000
  2591  0.003000
  2592  0.003000
  2593  0.003000
  2594  0.003000
  2595  0.003000
  2596  0.003000
  2597  0.003000
  2598  0.003000
  2599  0.003000
  2600  0.003000
  2601  0.003000
  2602  0.003000
  2603  0.003000
  2604  0.003000
  2605  0.003000
  2606  0.003000
  2607  0.003000
  2608  0.003000
  2609  0.003000
  2610  0.003000
  2611  0.003000
  2612  0.003000
  2613  0.003000
  2614  0.003000
  2615  0.003000
  2616  0.003000
  2617  0.003000
  2618  0.003000
  2619  0.003000
  2620  0.003000
  2621  0.003000
  2622  0.003000
  2623  0.003000
  2624  0.003000
  2625  0.003000
  2626  0.003000
  2627  0.003000
  2628  0.003000
  2629  0.003000
  2630  0.003000
  2631  0.003000
  2632  0.003000
  2633  0.003000
  2634  0.003000
  2635  0.003000
  2636  0.003000
  2637  0.003000
  2638  0.003000
  2639  0.003000
  2640  0.003000
  2641  0.003000
  2642  0.003000
  2643  0.003000
  2644  0.003000
  2645  0.003000
  2646  0.003000
  2647  0.003000
  2648  0.003000
  2649  0.003000
  2650  0.003000
  2651  0.003000
  2652  0.003000
  2653  0.003000
  2654  0.003000
  2655  0.003000
  2656  0.003000
  2657  0.003000
  2658  0.003000
  2659  0.003000
  2660  0.003000
  2661  0.003000
  2662  0.003000
  2663  0.003000
  2664  0.003000
  2665  0.003000
  2666  0.003000
  2667  0.003000
  2668  0.003000
  2669  0.003000
  2670  0.003000
  2671  0.003000
  2672  0.003000
  2673  0.003000
  2674  0.003000
  2675  0.003000
  2676  0.003000
  2677  0.003000
  2678  0.003000
  2679  0.003000
  2680  0.003000
  2681  0.003000
  2682  0.003000
  2683  0.003000
  2684  0.003000
  2685  0.003000
  2686  0.003000
  2687  0.003000
  2688  0.003000
  2689  0.003000
  2690  0.003000
  2691  0.003000
  2692  0.003000
  2693  0.003000
  2694  0.003000
  2695  0.003000
  2696  0.003000
  2697  0.003000
  2698  0.003000
  2699  0.003000
  2700  0.003000
  2701  0.003000
  2702  0.003000
  2703  0.003000
  2704  0.003000
  2705  0.003000
  2706  0.003000
  2707  0.003000
  2708  0.003000
  2709  0.003000
  2710  0.003000
  2711  0.003000
  2712  0.002000
  2713  0.003000
  2714  0.003000
  2715  0.003000
  2716  0.003000
  2717  0.003000
  2718  0.002000
  2719  0.002000
  2720  0.003000
  2721  0.003000
  2722  0.003000
  2723  0.003000
  2724  0.003000
  2725  0.003000
  2726  0.003000
  2727  0.002000
  2728  0.002000
  2729  0.002000
  2730  0.002000
  2731  0.002000
  2732  0.003000
  2733  0.003000
  2734  0.003000
  2735  0.003000
  2736  0.003000
  2737  0.003000
  2738  0.003000
  2739  0.003000
  2740  0.003000
  2741  0.003000
  2742  0.003000
  2743  0.002000
  2744  0.002000
  2745  0.003000
  2746  0.002000
  2747  0.003000
  2748  0.003000
  2749  0.003000
  2750  0.002000
  2751  0.003000
  2752  0.002000
  2753  0.002000
  2754  0.002000
  2755  0.002000
  2756  0.002000
  2757  0.002000
  2758  0.002000
  2759  0.002000
  2760  0.002000
  2761  0.002000
  2762  0.002000
  2763  0.002000
  2764  0.002000
  2765  0.002000
  2766  0.002000
  2767  0.002000
  2768  0.002000
  2769  0.002000
  2770  0.002000
  2771  0.002000
  2772  0.002000
  2773  0.002000
  2774  0.002000
  2775  0.002000
  2776  0.002000
  2777  0.002000
  2778  0.002000
  2779  0.002000
  2780  0.002000
  2781  0.002000
  2782  0.002000
  2783  0.002000
  2784  0.002000
  2785  0.002000
  2786  0.002000
  2787  0.002000
  2788  0.002000
  2789  0.002000
  2790  0.002000
  2791  0.002000
  2792  0.002000
  2793  0.002000
  2794  0.002000
  2795  0.002000
  2796  0.002000
  2797  0.002000
  2798  0.002000
  2799  0.002000
  2800  0.002000
  2801  0.002000
  2802  0.002000
  2803  0.002000
  2804  0.002000
  2805  0.002000
  2806  0.002000
  2807  0.002000
  2808  0.002000
  2809  0.002000
  2810  0.002000
  2811  0.002000
  2812  0.002000
  2813  0.002000
  2814  0.002000
  2815  0.002000
  2816  0.002000
  2817  0.002000
  2818  0.002000
  2819  0.002000
  2820  0.002000
  2821  0.002000
  2822  0.002000
  2823  0.002000
  2824  0.002000
  2825  0.002000
  2826  0.002000
  2827  0.002000
  2828  0.002000
  2829  0.002000
  2830  0.002000
  2831  0.002000
  2832  0.002000
  2833  0.002000
  2834  0.002000
  2835  0.002000
  2836  0.002000
  2837  0.002000
  2838  0.002000
  2839  0.002000
  2840  0.002000
  2841  0.002000
  2842  0.002000
  2843  0.002000
  2844  0.002000
  2845  0.002000
  2846  0.002000
  2847  0.002000
  2848  0.002000
  2849  0.002000
  2850  0.002000
  2851  0.002000
  2852  0.002000
  2853  0.002000
  2854  0.002000
  2855  0.002000
  2856  0.002000
  2857  0.002000
  2858  0.002000
  2859  0.002000
  2860  0.002000
  2861  0.002000
  2862  0.002000
  2863  0.002000
  2864  0.002000
  2865  0.002000
  2866  0.002000
  2867  0.002000
  2868  0.002000
  2869  0.002000
  2870  0.002000
  2871  0.002000
  2872  0.002000
  2873  0.002000
  2874  0.002000
  2875  0.002000
  2876  0.002000
  2877  0.002000
  2878  0.002000
  2879  0.002000
  2880  0.002000
  2881  0.002000
  2882  0.002000
  2883  0.002000
  2884  0.002000
  2885  0.002000
  2886  0.002000
  2887  0.002000
  2888  0.002000
  2889  0.002000
  2890  0.002000
  2891  0.002000
  2892  0.002000
  2893  0.002000
  2894  0.002000
  2895  0.002000
  2896  0.002000
  2897  0.002000
  2898  0.002000
  2899  0.002000
  2900  0.002000
  2901  0.002000
  2902  0.002000
  2903  0.002000
  2904  0.002000
  2905  0.002000
  2906  0.002000
  2907  0.002000
  2908  0.002000
  2909  0.002000
  2910  0.002000
  2911  0.002000
  2912  0.002000
  2913  0.002000
  2914  0.002000
  2915  0.002000
  2916  0.002000
  2917  0.002000
  2918  0.002000
  2919  0.002000
  2920  0.002000
  2921  0.002000
  2922  0.002000
  2923  0.002000
  2924  0.002000
  2925  0.002000
  2926  0.002000
  2927  0.002000
  2928  0.002000
  2929  0.002000
  2930  0.002000
  2931  0.002000
  2932  0.002000
  2933  0.002000
  2934  0.002000
  2935  0.002000
  2936  0.002000
  2937  0.002000
  2938  0.002000
  2939  0.002000
  2940  0.002000
  2941  0.002000
  2942  0.002000
  2943  0.002000
  2944  0.002000
  2945  0.002000
  2946  0.002000
  2947  0.002000
  2948  0.002000
  2949  0.002000
  2950  0.002000
  2951  0.002000
  2952  0.002000
  2953  0.002000
  2954  0.002000
  2955  0.002000
  2956  0.002000
  2957  0.002000
  2958  0.002000
  2959  0.002000
  2960  0.002000
  2961  0.002000
  2962  0.002000
  2963  0.002000
  2964  0.002000
  2965  0.002000
  2966  0.002000
  2967  0.002000
  2968  0.002000
  2969  0.002000
  2970  0.002000
  2971  0.002000
  2972  0.002000
  2973  0.002000
  2974  0.002000
  2975  0.002000
  2976  0.002000
  2977  0.002000
  2978  0.002000
  2979  0.002000
  2980  0.002000
  2981  0.002000
  2982  0.002000
  2983  0.002000
  2984  0.002000
  2985  0.002000
  2986  0.002000
  2987  0.002000
  2988  0.002000
  2989  0.002000
  2990  0.002000
  2991  0.002000
  2992  0.002000
  2993  0.002000
  2994  0.002000
  2995  0.002000
  2996  0.002000
  2997  0.002000
  2998  0.002000
  2999  0.002000
  3000  0.002000
  3001  0.002000
  3002  0.002000
  3003  0.002000
  3004  0.002000
  3005  0.002000
  3006  0.002000
  3007  0.002000
  3008  0.002000
  3009  0.002000
  3010  0.002000
  3011  0.002000
  3012  0.002000
  3013  0.002000
  3014  0.002000
  3015  0.002000
  3016  0.002000
  3017  0.002000
  3018  0.002000
  3019  0.002000
  3020  0.002000
  3021  0.002000
  3022  0.002000
  3023  0.002000
  3024  0.002000
  3025  0.002000
  3026  0.002000
  3027  0.002000
  3028  0.002000
  3029  0.002000
  3030  0.002000
  3031  0.002000
  3032  0.002000
  3033  0.002000
  3034  0.002000
  3035  0.002000
  3036  0.002000
  3037  0.002000
  3038  0.002000
  3039  0.002000
  3040  0.002000
  3041  0.002000
  3042  0.002000
  3043  0.002000
  3044  0.002000
  3045  0.002000
  3046  0.002000
  3047  0.002000
  3048  0.002000
  3049  0.002000
  3050  0.002000
  3051  0.002000
  3052  0.002000
  3053  0.002000
  3054  0.002000
  3055  0.002000
  3056  0.002000
  3057  0.002000
  3058  0.002000
  3059  0.002000
  3060  0.002000
  3061  0.002000
  3062  0.002000
  3063  0.002000
  3064  0.002000
  3065  0.002000
  3066  0.002000
  3067  0.002000
  3068  0.002000
  3069  0.002000
  3070  0.002000
  3071  0.002000
  3072  0.002000
  3073  0.002000
  3074  0.002000
  3075  0.002000
  3076  0.002000
  3077  0.002000
  3078  0.002000
  3079  0.002000
  3080  0.002000
  3081  0.002000
  3082  0.002000
  3083  0.002000
  3084  0.002000
  3085  0.002000
  3086  0.002000
  3087  0.002000
  3088  0.002000
  3089  0.002000
  3090  0.002000
  3091  0.002000
  3092  0.002000
  3093  0.002000
  3094  0.002000
  3095  0.002000
  3096  0.002000
  3097  0.002000
  3098  0.002000
  3099  0.002000
  3100  0.002000
  3101  0.002000
  3102  0.002000
  3103  0.002000
  3104  0.002000
  3105  0.002000
  3106  0.002000
  3107  0.002000
  3108  0.002000
  3109  0.002000
  3110  0.002000
  3111  0.002000
  3112  0.002000
  3113  0.002000
  3114  0.002000
  3115  0.002000
  3116  0.002000
  3117  0.002000
  3118  0.002000
  3119  0.002000
  3120  0.002000
  3121  0.002000
  3122  0.002000
  3123  0.002000
  3124  0.002000
  3125  0.002000
  3126  0.002000
  3127  0.002000
  3128  0.002000
  3129  0.002000
  3130  0.002000
  3131  0.002000
  3132  0.002000
  3133  0.002000
  3134  0.002000
  3135  0.002000
  3136  0.002000
  3137  0.002000
  3138  0.002000
  3139  0.002000
  3140  0.002000
  3141  0.002000
  3142  0.002000
  3143  0.002000
  3144  0.002000
  3145  0.002000
  3146  0.002000
  3147  0.002000
  3148  0.002000
  3149  0.002000
  3150  0.002000
  3151  0.002000
  3152  0.002000
  3153  0.002000
  3154  0.002000
  3155  0.002000
  3156  0.002000
  3157  0.002000
  3158  0.002000
  3159  0.002000
  3160  0.002000
  3161  0.002000
  3162  0.002000
  3163  0.002000
  3164  0.002000
  3165  0.002000
  3166  0.002000
  3167  0.002000
  3168  0.002000
  3169  0.002000
  3170  0.002000
  3171  0.002000
  3172  0.002000
  3173  0.002000
  3174  0.002000
  3175  0.002000
  3176  0.002000
  3177  0.002000
  3178  0.002000
  3179  0.002000
  3180  0.002000
  3181  0.002000
  3182  0.002000
  3183  0.002000
  3184  0.002000
  3185  0.002000
  3186  0.002000
  3187  0.002000
  3188  0.002000
  3189  0.002000
  3190  0.002000
  3191  0.002000
  3192  0.002000
  3193  0.002000
  3194  0.002000
  3195  0.002000
  3196  0.002000
  3197  0.002000
  3198  0.002000
  3199  0.002000
  3200  0.002000
  3201  0.002000
  3202  0.002000
  3203  0.002000
  3204  0.002000
  3205  0.002000
  3206  0.002000
  3207  0.002000
  3208  0.002000
  3209  0.002000
  3210  0.002000
  3211  0.002000
  3212  0.002000
  3213  0.002000
  3214  0.002000
  3215  0.002000
  3216  0.002000
  3217  0.002000
  3218  0.002000
  3219  0.002000
  3220  0.002000
  3221  0.002000
  3222  0.002000
  3223  0.002000
  3224  0.002000
  3225  0.002000
  3226  0.002000
  3227  0.002000
  3228  0.002000
  3229  0.002000
  3230  0.002000
  3231  0.002000
  3232  0.002000
  3233  0.002000
  3234  0.002000
  3235  0.002000
  3236  0.002000
  3237  0.002000
  3238  0.002000
  3239  0.002000
  3240  0.002000
  3241  0.002000
  3242  0.002000
  3243  0.002000
  3244  0.002000
  3245  0.002000
  3246  0.002000
  3247  0.002000
  3248  0.002000
  3249  0.002000
  3250  0.002000
  3251  0.002000
  3252  0.002000
  3253  0.002000
  3254  0.002000
  3255  0.002000
  3256  0.002000
  3257  0.002000
  3258  0.002000
  3259  0.002000
  3260  0.002000
  3261  0.002000
  3262  0.002000
  3263  0.002000
  3264  0.002000
  3265  0.002000
  3266  0.002000
  3267  0.002000
  3268  0.002000
  3269  0.002000
  3270  0.002000
  3271  0.002000
  3272  0.002000
  3273  0.002000
  3274  0.002000
  3275  0.002000
  3276  0.002000
  3277  0.002000
  3278  0.002000
  3279  0.002000
  3280  0.002000
  3281  0.002000
  3282  0.002000
  3283  0.002000
  3284  0.002000
  3285  0.002000
  3286  0.002000
  3287  0.002000
  3288  0.002000
  3289  0.002000
  3290  0.002000
  3291  0.002000
  3292  0.002000
  3293  0.002000
  3294  0.002000
  3295  0.002000
  3296  0.002000
  3297  0.002000
  3298  0.002000
  3299  0.002000
  3300  0.002000
  3301  0.002000
  3302  0.002000
  3303  0.002000
  3304  0.002000
  3305  0.002000
  3306  0.002000
  3307  0.002000
  3308  0.002000
  3309  0.002000
  3310  0.002000
  3311  0.002000
  3312  0.002000
  3313  0.002000
  3314  0.002000
  3315  0.002000
  3316  0.002000
  3317  0.002000
  3318  0.002000
  3319  0.002000
  3320  0.002000
  3321  0.002000
  3322  0.002000
  3323  0.002000
  3324  0.002000
  3325  0.002000
  3326  0.002000
  3327  0.002000
  3328  0.002000
  3329  0.002000
  3330  0.002000
  3331  0.002000
  3332  0.002000
  3333  0.002000
  3334  0.002000
  3335  0.002000
  3336  0.002000
  3337  0.002000
  3338  0.002000
  3339  0.002000
  3340  0.002000
  3341  0.002000
  3342  0.002000
  3343  0.002000
  3344  0.002000
  3345  0.002000
  3346  0.002000
  3347  0.002000
  3348  0.002000
  3349  0.002000
  3350  0.002000
  3351  0.001000
  3352  0.001000
  3353  0.002000
  3354  0.002000
  3355  0.002000
  3356  0.002000
  3357  0.002000
  3358  0.002000
  3359  0.002000
  3360  0.002000
  3361  0.002000
  3362  0.002000
  3363  0.001000
  3364  0.001000
  3365  0.001000
  3366  0.001000
  3367  0.001000
  3368  0.001000
  3369  0.001000
  3370  0.001000
  3371  0.001000
  3372  0.001000
  3373  0.001000
  3374  0.002000
  3375  0.002000
  3376  0.001000
  3377  0.002000
  3378  0.001000
  3379  0.001000
  3380  0.001000
  3381  0.001000
  3382  0.001000
  3383  0.001000
  3384  0.001000
  3385  0.001000
  3386  0.001000
  3387  0.001000
  3388  0.001000
  3389  0.001000
  3390  0.001000
  3391  0.001000
  3392  0.001000
  3393  0.001000
  3394  0.001000
  3395  0.001000
  3396  0.001000
  3397  0.001000
  3398  0.001000
  3399  0.001000
  3400  0.001000
  3401  0.001000
  3402  0.001000
  3403  0.001000
  3404  0.001000
  3405  0.002000
  3406  0.001000
  3407  0.001000
  3408  0.001000
  3409  0.001000
  3410  0.001000
  3411  0.001000
  3412  0.001000
  3413  0.001000
  3414  0.001000
  3415  0.001000
  3416  0.001000
  3417  0.001000
  3418  0.001000
  3419  0.001000
  3420  0.001000
  3421  0.001000
  3422  0.001000
  3423  0.001000
  3424  0.001000
  3425  0.001000
  3426  0.001000
  3427  0.001000
  3428  0.001000
  3429  0.001000
  3430  0.001000
  3431  0.001000
  3432  0.001000
  3433  0.001000
  3434  0.001000
  3435  0.001000
  3436  0.001000
  3437  0.001000
  3438  0.001000
  3439  0.001000
  3440  0.001000
  3441  0.001000
  3442  0.001000
  3443  0.001000
  3444  0.001000
  3445  0.001000
  3446  0.001000
  3447  0.001000
  3448  0.001000
  3449  0.001000
  3450  0.001000
  3451  0.001000
  3452  0.001000
  3453  0.001000
  3454  0.001000
  3455  0.001000
  3456  0.001000
  3457  0.001000
  3458  0.001000
  3459  0.001000
  3460  0.001000
  3461  0.001000
  3462  0.001000
  3463  0.001000
  3464  0.001000
  3465  0.001000
  3466  0.001000
  3467  0.001000
  3468  0.001000
  3469  0.001000
  3470  0.001000
  3471  0.001000
  3472  0.001000
  3473  0.001000
  3474  0.001000
  3475  0.001000
  3476  0.001000
  3477  0.001000
  3478  0.001000
  3479  0.001000
  3480  0.001000
  3481  0.001000
  3482  0.001000
  3483  0.001000
  3484  0.001000
  3485  0.001000
  3486  0.001000
  3487  0.001000
  3488  0.001000
  3489  0.001000
  3490  0.001000
  3491  0.001000
  3492  0.001000
  3493  0.001000
  3494  0.001000
  3495  0.001000
  3496  0.001000
  3497  0.001000
  3498  0.001000
  3499  0.001000
  3500  0.001000
  3501  0.001000
  3502  0.001000
  3503  0.001000
  3504  0.001000
  3505  0.001000
  3506  0.001000
  3507  0.001000
  3508  0.001000
  3509  0.001000
  3510  0.001000
  3511  0.001000
  3512  0.001000
  3513  0.001000
  3514  0.001000
  3515  0.001000
  3516  0.001000
  3517  0.001000
  3518  0.001000
  3519  0.001000
  3520  0.001000
  3521  0.001000
  3522  0.001000
  3523  0.001000
  3524  0.001000
  3525  0.001000
  3526  0.001000
  3527  0.001000
  3528  0.001000
  3529  0.001000
  3530  0.001000
  3531  0.001000
  3532  0.001000
  3533  0.001000
  3534  0.001000
  3535  0.001000
  3536  0.001000
  3537  0.001000
  3538  0.001000
  3539  0.001000
  3540  0.001000
  3541  0.001000
  3542  0.001000
  3543  0.001000
  3544  0.001000
  3545  0.001000
  3546  0.001000
  3547  0.001000
  3548  0.001000
  3549  0.001000
  3550  0.001000
  3551  0.001000
  3552  0.001000
  3553  0.001000
  3554  0.001000
  3555  0.001000
  3556  0.001000
  3557  0.001000
  3558  0.001000
  3559  0.001000
  3560  0.001000
  3561  0.001000
  3562  0.001000
  3563  0.001000
  3564  0.001000
  3565  0.001000
  3566  0.001000
  3567  0.001000
  3568  0.001000
  3569  0.001000
  3570  0.001000
  3571  0.001000
  3572  0.001000
  3573  0.001000
  3574  0.001000
  3575  0.001000
  3576  0.001000
  3577  0.001000
  3578  0.001000
  3579  0.001000
  3580  0.001000
  3581  0.001000
  3582  0.001000
  3583  0.001000
  3584  0.001000
  3585  0.001000
  3586  0.001000
  3587  0.001000
  3588  0.001000
  3589  0.001000
  3590  0.001000
  3591  0.001000
  3592  0.001000
  3593  0.001000
  3594  0.001000
  3595  0.001000
  3596  0.001000
  3597  0.001000
  3598  0.001000
  3599  0.001000
  3600  0.001000
  3601  0.001000
  3602  0.001000
  3603  0.001000
  3604  0.001000
  3605  0.001000
  3606  0.001000
  3607  0.001000
  3608  0.001000
  3609  0.001000
  3610  0.001000
  3611  0.001000
  3612  0.001000
  3613  0.001000
  3614  0.001000
  3615  0.001000
  3616  0.001000
  3617  0.001000
  3618  0.001000
  3619  0.001000
  3620  0.001000
  3621  0.001000
  3622  0.001000
  3623  0.001000
  3624  0.001000
  3625  0.001000
  3626  0.001000
  3627  0.001000
  3628  0.001000
  3629  0.001000
  3630  0.001000
  3631  0.001000
  3632  0.001000
  3633  0.001000
  3634  0.001000
  3635  0.001000
  3636  0.001000
  3637  0.001000
  3638  0.001000
  3639  0.001000
  3640  0.001000
  3641  0.001000
  3642  0.001000
  3643  0.001000
  3644  0.001000
  3645  0.001000
  3646  0.001000
  3647  0.001000
  3648  0.001000
  3649  0.001000
  3650  0.001000
  3651  0.001000
  3652  0.001000
  3653  0.001000
  3654  0.001000
  3655  0.001000
  3656  0.001000
  3657  0.001000
  3658  0.001000
  3659  0.001000
  3660  0.001000
  3661  0.001000
  3662  0.001000
  3663  0.001000
  3664  0.001000
  3665  0.001000
  3666  0.001000
  3667  0.001000
  3668  0.001000
  3669  0.001000
  3670  0.001000
  3671  0.001000
  3672  0.001000
  3673  0.001000
  3674  0.001000
  3675  0.001000
  3676  0.001000
  3677  0.001000
  3678  0.001000
  3679  0.001000
  3680  0.001000
  3681  0.001000
  3682  0.001000
  3683  0.001000
  3684  0.001000
  3685  0.001000
  3686  0.001000
  3687  0.001000
  3688  0.001000
  3689  0.001000
  3690  0.001000
  3691  0.001000
  3692  0.001000
  3693  0.001000
  3694  0.001000
  3695  0.001000
  3696  0.001000
  3697  0.001000
  3698  0.001000
  3699  0.001000
  3700  0.001000
  3701  0.001000
  3702  0.001000
  3703  0.001000
  3704  0.001000
  3705  0.001000
  3706  0.001000
  3707  0.001000
  3708  0.001000
  3709  0.001000
  3710  0.001000
  3711  0.001000
  3712  0.001000
  3713  0.001000
  3714  0.001000
  3715  0.001000
  3716  0.001000
  3717  0.001000
  3718  0.001000
  3719  0.001000
  3720  0.001000
  3721  0.001000
  3722  0.001000
  3723  0.001000
  3724  0.001000
  3725  0.001000
  3726  0.001000
  3727  0.001000
  3728  0.001000
  3729  0.001000
  3730  0.001000
  3731  0.001000
  3732  0.001000
  3733  0.001000
  3734  0.001000
  3735  0.001000
  3736  0.001000
  3737  0.001000
  3738  0.001000
  3739  0.001000
  3740  0.001000
  3741  0.001000
  3742  0.001000
  3743  0.001000
  3744  0.001000
  3745  0.001000
  3746  0.001000
  3747  0.001000
  3748  0.001000
  3749  0.001000
  3750  0.001000
  3751  0.001000
  3752  0.001000
  3753  0.001000
  3754  0.001000
  3755  0.001000
  3756  0.001000
  3757  0.001000
  3758  0.001000
  3759  0.001000
  3760  0.001000
  3761  0.001000
  3762  0.001000
  3763  0.001000
  3764  0.001000
  3765  0.001000
  3766  0.001000
  3767  0.001000
  3768  0.001000
  3769  0.001000
  3770  0.001000
  3771  0.001000
  3772  0.001000
  3773  0.001000
  3774  0.001000
  3775  0.001000
  3776  0.001000
  3777  0.001000
  3778  0.001000
  3779  0.001000
  3780  0.001000
  3781  0.001000
  3782  0.001000
  3783  0.001000
  3784  0.001000
  3785  0.001000
  3786  0.001000
  3787  0.001000
  3788  0.001000
  3789  0.001000
  3790  0.001000
  3791  0.001000
  3792  0.001000
  3793  0.001000
  3794  0.001000
  3795  0.001000
  3796  0.001000
  3797  0.001000
  3798  0.001000
  3799  0.001000
  3800  0.001000
  3801  0.001000
  3802  0.001000
  3803  0.001000
  3804  0.001000
  3805  0.001000
  3806  0.001000
  3807  0.001000
  3808  0.001000
  3809  0.001000
  3810  0.001000
  3811  0.001000
  3812  0.001000
  3813  0.001000
  3814  0.001000
  3815  0.001000
  3816  0.001000
  3817  0.001000
  3818  0.001000
  3819  0.001000
  3820  0.001000
  3821  0.001000
  3822  0.001000
  3823  0.001000
  3824  0.001000
  3825  0.001000
  3826  0.001000
  3827  0.001000
  3828  0.001000
  3829  0.001000
  3830  0.001000
  3831  0.001000
  3832  0.001000
  3833  0.001000
  3834  0.001000
  3835  0.001000
  3836  0.001000
  3837  0.001000
  3838  0.001000
  3839  0.001000
  3840  0.001000
  3841  0.001000
  3842  0.001000
  3843  0.001000
  3844  0.001000
  3845  0.001000
  3846  0.001000
  3847  0.001000
  3848  0.001000
  3849  0.001000
  3850  0.001000
  3851  0.001000
  3852  0.001000
  3853  0.001000
  3854  0.001000
  3855  0.001000
  3856  0.001000
  3857  0.001000
  3858  0.001000
  3859  0.001000
  3860  0.001000
  3861  0.001000
  3862  0.001000
  3863  0.001000
  3864  0.001000
  3865  0.001000
  3866  0.001000
  3867  0.001000
  3868  0.001000
  3869  0.001000
  3870  0.001000
  3871  0.001000
  3872  0.001000
  3873  0.001000
  3874  0.001000
  3875  0.001000
  3876  0.001000
  3877  0.001000
  3878  0.001000
  3879  0.001000
  3880  0.001000
  3881  0.001000
  3882  0.001000
  3883  0.001000
  3884  0.001000
  3885  0.001000
  3886  0.001000
  3887  0.001000
  3888  0.001000
  3889  0.001000
  3890  0.001000
  3891  0.001000
  3892  0.001000
  3893  0.001000
  3894  0.001000
  3895  0.001000
  3896  0.001000
  3897  0.001000
  3898  0.001000
  3899  0.001000
  3900  0.001000
  3901  0.001000
  3902  0.001000
  3903  0.001000
  3904  0.001000
  3905  0.001000
  3906  0.001000
  3907  0.001000
  3908  0.001000
  3909  0.001000
  3910  0.001000
  3911  0.001000
  3912  0.001000
  3913  0.001000
  3914  0.001000
  3915  0.001000
  3916  0.001000
  3917  0.001000
  3918  0.001000
  3919  0.001000
  3920  0.001000
  3921  0.001000
  3922  0.001000
  3923  0.001000
  3924  0.001000
  3925  0.001000
  3926  0.001000
  3927  0.001000
  3928  0.001000
  3929  0.001000
  3930  0.001000
  3931  0.001000
  3932  0.001000
  3933  0.001000
  3934  0.001000
  3935  0.001000
  3936  0.001000
  3937  0.001000
  3938  0.001000
  3939  0.001000
  3940  0.001000
  3941  0.001000
  3942  0.001000
  3943  0.001000
  3944  0.001000
  3945  0.001000
  3946  0.001000
  3947  0.001000
  3948  0.001000
  3949  0.001000
  3950  0.001000
  3951  0.001000
  3952  0.001000
  3953  0.001000
  3954  0.001000
  3955  0.001000
  3956  0.001000
  3957  0.001000
  3958  0.001000
  3959  0.001000
  3960  0.001000
  3961  0.001000
  3962  0.001000
  3963  0.001000
  3964  0.001000
  3965  0.001000
  3966  0.001000
  3967  0.001000
  3968  0.001000
  3969  0.001000
  3970  0.001000
  3971  0.001000
  3972  0.001000
  3973  0.001000
  3974  0.001000
  3975  0.001000
  3976  0.001000
  3977  0.001000
  3978  0.001000
  3979  0.001000
  3980  0.001000
  3981  0.001000
  3982  0.001000
  3983  0.001000
  3984  0.001000
  3985  0.001000
  3986  0.001000
  3987  0.001000
  3988  0.001000
  3989  0.001000
  3990  0.001000
  3991  0.001000
  3992  0.001000
  3993  0.001000
  3994  0.001000
  3995  0.001000
  3996  0.001000
  3997  0.001000
  3998  0.001000
  3999  0.001000
  4000  0.001000
  4001  0.001000
  4002  0.001000
  4003  0.001000
  4004  0.001000
  4005  0.001000
  4006  0.001000
  4007  0.001000
  4008  0.001000
  4009  0.001000
  4010  0.001000
  4011  0.001000
  4012  0.001000
  4013  0.001000
  4014  0.001000
  4015  0.001000
  4016  0.001000
  4017  0.001000
  4018  0.001000
  4019  0.001000
  4020  0.001000
  4021  0.001000
  4022  0.001000
  4023  0.001000
  4024  0.001000
  4025  0.001000
  4026  0.001000
  4027  0.001000
  4028  0.001000
  4029  0.001000
  4030  0.001000
  4031  0.001000
  4032  0.001000
  4033  0.001000
  4034  0.001000
  4035  0.001000
  4036  0.001000
  4037  0.001000
  4038  0.001000
  4039  0.001000
  4040  0.001000
  4041  0.001000
  4042  0.001000
  4043  0.001000
  4044  0.001000
  4045  0.001000
  4046  0.001000
  4047  0.001000
  4048  0.001000
  4049  0.001000
  4050  0.001000
  4051  0.001000
  4052  0.001000
  4053  0.001000
  4054  0.001000
  4055  0.001000
  4056  0.001000
  4057  0.001000
  4058  0.001000
  4059  0.001000
  4060  0.001000
  4061  0.001000
  4062  0.001000
  4063  0.001000
  4064  0.001000
  4065  0.001000
  4066  0.001000
  4067  0.001000
  4068  0.001000
  4069  0.001000
  4070  0.001000
  4071  0.001000
  4072  0.001000
  4073  0.001000
  4074  0.001000
  4075  0.001000
  4076  0.001000
  4077  0.001000
  4078  0.001000
  4079  0.001000
  4080  0.001000
  4081  0.001000
  4082  0.001000
  4083  0.001000
  4084  0.001000
  4085  0.001000
  4086  0.001000
  4087  0.001000
  4088  0.001000
  4089  0.001000
  4090  0.001000
  4091  0.001000
  4092  0.001000
  4093  0.001000
  4094  0.001000
  4095  0.001000
